0.0099 -6.37416e-05
0.0098 -6.68211e-05
0.0097 -6.98764e-05
0.0096 -7.29075e-05
0.0095 -7.59142e-05
0.0094 -7.88964e-05
0.0093 -8.1854e-05
0.0092 -8.47869e-05
0.0091 -8.7695e-05
0.009 -9.0578e-05
0.0089 -9.3436e-05
0.0088 -9.62687e-05
0.0087 -9.90761e-05
0.0086 -0.000101858
0.0085 -0.000104614
0.0084 -0.000107345
0.0083 -0.00011005
0.0082 -0.000112729
0.0081 -0.000115382
0.008 -0.000118008
0.0079 -0.000120608
0.0078 -0.000123182
0.0077 -0.000125729
0.0076 -0.000128249
0.0075 -0.000130743
0.0074 -0.000133209
0.0073 -0.000135649
0.0072 -0.000138061
0.0071 -0.000140445
0.007 -0.000142802
0.0069 -0.000145132
0.0068 -0.000147433
0.0067 -0.000149707
0.0066 -0.000151952
0.0065 -0.00015417
0.0064 -0.000156358
0.0063 -0.000158519
0.0062 -0.00016065
0.0061 -0.000162753
0.006 -0.000164827
0.0059 -0.000166872
0.0058 -0.000168887
0.0057 -0.000170873
0.0056 -0.000172829
0.0055 -0.000174756
0.0054 -0.000176653
0.0053 -0.00017852
0.0052 -0.000180357
0.0051 -0.000182163
0.005 -0.000183939
0.0049 -0.000185684
0.0048 -0.000187399
0.0047 -0.000189082
0.0046 -0.000190735
0.0045 -0.000192356
0.0044 -0.000193946
0.0043 -0.000195504
0.0042 -0.00019703
0.0041 -0.000198525
0.004 -0.000199987
0.0039 -0.000201417
0.0038 -0.000202815
0.0037 -0.00020418
0.0036 -0.000205513
0.0035 -0.000206813
0.0034 -0.000208079
0.0033 -0.000209313
0.0032 -0.000210513
0.0031 -0.000211679
0.003 -0.000212812
0.0029 -0.000213911
0.0028 -0.000214976
0.0027 -0.000216007
0.0026 -0.000217003
0.0025 -0.000217965
0.0024 -0.000218892
0.0023 -0.000219785
0.0022 -0.000220643
0.0021 -0.000221465
0.002 -0.000222253
0.0019 -0.000223005
0.0018 -0.000223722
0.0017 -0.000224403
0.0016 -0.00022505
0.0015 -0.000225661
0.0014 -0.000226236
0.0013 -0.000226777
0.0012 -0.000227282
0.0011 -0.000227753
0.001 -0.000228191
0.0009 -0.000228596
0.0008 -0.000228969
0.0007 -0.000229314
0.0006 -0.000229635
0.0005 -0.000229937
0.0004 -0.000230235
0.0003 -0.000230553
0.0002 -0.000230951
0.0001 -0.000231604
9.38176e-14 -0.000232906
-0.0001 -0.000215962
-0.0002 -0.000226909
-0.0003 -0.000228119
-0.0004 -0.000228472
-0.0005 -0.000228548
-0.0006 -0.000228483
-0.0007 -0.000228326
-0.0008 -0.000228096
-0.0009 -0.000227806
-0.001 -0.00022746
-0.0011 -0.000227063
-0.0012 -0.000226617
-0.0013 -0.000226123
-0.0014 -0.000225582
-0.0015 -0.000224994
-0.0016 -0.00022436
-0.0017 -0.00022368
-0.0018 -0.000222954
-0.0019 -0.000222182
-0.002 -0.000221364
-0.0021 -0.0002205
-0.0022 -0.00021959
-0.0023 -0.000218634
-0.0024 -0.000217631
-0.0025 -0.000216581
-0.0026 -0.000215485
-0.0027 -0.000214341
-0.0028 -0.00021315
-0.0029 -0.000211912
-0.003 -0.000210626
-0.0031 -0.000209291
-0.0032 -0.000207908
-0.0033 -0.000206477
-0.0034 -0.000204997
-0.0035 -0.000203467
-0.0036 -0.000201888
-0.0037 -0.00020026
-0.0038 -0.000198581
-0.0039 -0.000196852
-0.004 -0.000195073
-0.0041 -0.000193242
-0.0042 -0.000191361
-0.0043 -0.000189428
-0.0044 -0.000187443
-0.0045 -0.000185406
-0.0046 -0.000183316
-0.0047 -0.000181174
-0.0048 -0.000178979
-0.0049 -0.00017673
-0.005 -0.000174428
-0.0051 -0.000172072
-0.0052 -0.000169661
-0.0053 -0.000167196
-0.0054 -0.000164675
-0.0055 -0.000162099
-0.0056 -0.000159468
-0.0057 -0.00015678
-0.0058 -0.000154036
-0.0059 -0.000151235
-0.006 -0.000148377
-0.0061 -0.000145462
-0.0062 -0.000142488
-0.0063 -0.000139457
-0.0064 -0.000136367
-0.0065 -0.000133218
-0.0066 -0.000130009
-0.0067 -0.000126741
-0.0068 -0.000123413
-0.0069 -0.000120024
-0.007 -0.000116574
-0.0071 -0.000113063
-0.0072 -0.000109491
-0.0073 -0.000105856
-0.0074 -0.000102159
-0.0075 -9.83988e-05
-0.0076 -9.45755e-05
-0.0077 -9.06885e-05
-0.0078 -8.67374e-05
-0.0079 -8.27218e-05
-0.008 -7.86412e-05
-0.0081 -7.44952e-05
-0.0082 -7.02834e-05
-0.0083 -6.60053e-05
-0.0084 -6.16605e-05
-0.0085 -5.72486e-05
-0.0086 -5.2769e-05
-0.0087 -4.82215e-05
-0.0088 -4.36054e-05
-0.0089 -3.89204e-05
-0.009 -3.41659e-05
-0.0091 -2.93415e-05
-0.0092 -2.44468e-05
-0.0093 -1.94812e-05
-0.0094 -1.44443e-05
-0.0095 -9.33558e-06
-0.0096 -4.15454e-06
-0.0097 1.09931e-06
-0.0098 6.42646e-06
-0.0099 1.18274e-05
-0.01 1.73027e-05
-0.0101 2.28528e-05
